0 0.4775390625 0.5104166666666666 0.5224609375 0.5546875
1 0.3212890625 0.5299479166666666 0.3369140625 0.5690104166666666
1 0.66796875 0.5442708333333334 0.6962890625 0.60546875
1 0.6357421875 0.50390625 0.66796875 0.6002604166666666
1 0.087890625 0.50390625 0.1279296875 0.5911458333333334
1 0.5654296875 0.50390625 0.580078125 0.5546875
1 0.001953125 0.50390625 0.0576171875 0.6158854166666666
1 0.3408203125 0.50390625 0.3525390625 0.5377604166666666
1 0.755859375 0.5052083333333334 0.830078125 0.6848958333333334
1 0.3515625 0.50390625 0.3623046875 0.5338541666666666
